1 127 10 185558 0.000998
1 127 10 186344 0.000997
1 127 10 186104 0.000998
1 127 10 185940 0.000873
1 127 10 185821 0.000999
2 144 10 164039 0.000997
2 144 10 164371 0.000971
2 144 10 164074 0.001517
2 144 10 164480 0.000998
2 144 10 164391 0
3 143 10 164230 0.000996
3 143 10 164215 0.000996
3 143 10 163846 0.000975
3 143 10 164141 0.000999
3 143 10 164328 0
4 32 4 53171.7 0.000998
4 32 4 40515.8 0.000999
4 32 4 53556.4 0.000999
4 32 4 54232.6 0.001252
4 32 4 53397 0.000997
5 57 7 124715 0.000998
5 57 7 125822 0.000997
5 57 7 126816 0.000971
5 57 7 126681 0.000998
5 57 7 126318 0.000998
